298 0.626436 0.476753 0.733301 0.604077
298 0.113477 0.587670 0.218125 0.155099
298 0.087109 0.660500 0.170195 0.090363
298 0.677988 0.656451 0.359570 0.214440
298 0.423887 0.763676 0.479414 0.215791
298 0.517373 0.820995 0.397910 0.168582
182 0.627627 0.478148 0.734160 0.602956
298 0.873340 0.901242 0.189375 0.129473
298 0.556934 0.961929 0.246914 0.075527
298 0.693574 0.921467 0.611250 0.156451
298 0.620254 0.332269 0.225859 0.130560
298 0.714629 0.237390 0.550742 0.264604
298 0.154414 0.843247 0.308828 0.215791
102 0.557402 0.961896 0.248828 0.076209
102 0.872256 0.900978 0.186348 0.127538
143 0.077012 0.164198 0.150273 0.141385
289 0.317207 0.549538 0.261133 0.177429
289 0.110566 0.586962 0.221133 0.155242
65 0.153682 0.842698 0.307363 0.214846
65 0.423135 0.763038 0.479902 0.214846
65 0.676885 0.656302 0.356816 0.214846
139 0.515527 0.820522 0.396641 0.167725
266 0.085635 0.660423 0.167520 0.088714
62 0.619004 0.332610 0.224180 0.128912
65 0.715078 0.237088 0.549375 0.264505
182 0.694199 0.921940 0.611602 0.156121
298 0.077520 0.163516 0.151016 0.140264
298 0.318428 0.549912 0.258887 0.176681
