298 0.526221 0.493291 0.937754 0.970121
250 0.125391 0.463088 0.250781 0.306945
172 0.592207 0.667374 0.791211 0.166681
219 0.575947 0.413286 0.823730 0.378088
110 0.454912 0.148011 0.357676 0.119934
30 0.671953 0.794225 0.411523 0.223549
295 0.668018 0.773049 0.313848 0.129769
298 0.668018 0.792198 0.412168 0.223385
298 0.456270 0.148637 0.359219 0.119143
95 0.465752 0.141912 0.437168 0.245956
184 0.668164 0.772143 0.312187 0.131736
182 0.527637 0.493407 0.936563 0.970879
18 0.668008 0.772110 0.312187 0.131736
298 0.125098 0.463505 0.250195 0.306352
298 0.592393 0.667742 0.790293 0.165945
298 0.575381 0.412445 0.824316 0.378692
298 0.913789 0.250753 0.170156 0.144670
86 0.914277 0.250709 0.171445 0.143637
184 0.669453 0.773709 0.310547 0.128626
298 0.465723 0.142258 0.438633 0.246780
