254 0.742666 0.568692 0.514668 0.470396
34 0.935713 0.302467 0.128574 0.049000
120 0.438906 0.946846 0.333828 0.106308
220 0.708867 0.852885 0.249648 0.120868
110 0.221172 0.160368 0.359961 0.111066
182 0.475176 0.495857 0.931836 0.991714
95 0.224121 0.163610 0.388984 0.271176
298 0.742471 0.569022 0.513613 0.471780
298 0.460967 0.792720 0.921934 0.410846
298 0.501123 0.440198 0.334160 0.144484
298 0.323223 0.467181 0.640469 0.473505
172 0.461025 0.790560 0.922051 0.408571
128 0.321934 0.467352 0.643867 0.473626
298 0.711523 0.853654 0.253711 0.121857
298 0.439248 0.945973 0.334160 0.108055
298 0.474834 0.495907 0.931309 0.990538
298 0.227793 0.163775 0.392422 0.273505
298 0.221465 0.160929 0.359531 0.111110
120 0.500918 0.439769 0.333828 0.143736
131 0.652256 0.453544 0.217715 0.112692
298 0.652744 0.454126 0.216582 0.113154
