298 0.227305 0.758775 0.176367 0.088780
298 0.371182 0.266115 0.451738 0.228055
298 0.561475 0.675214 0.436270 0.179308
34 0.155117 0.811538 0.247656 0.118681
34 0.562559 0.675286 0.433320 0.178044
298 0.157686 0.811868 0.247520 0.118374
298 0.255205 0.610802 0.510410 0.287231
298 0.146855 0.521148 0.089727 0.041791
298 0.100449 0.553352 0.114492 0.050484
298 0.826016 0.533335 0.340352 0.229791
34 0.827461 0.533308 0.342422 0.231011
85 0.369316 0.265797 0.447852 0.229659
86 0.254629 0.610940 0.509258 0.287396
32 0.146094 0.521703 0.088633 0.042000
32 0.099844 0.553148 0.115156 0.050187
34 0.227051 0.758698 0.173242 0.088385
