298 0.104268 0.324044 0.208535 0.072242
298 0.502617 0.868857 0.994102 0.262286
298 0.176748 0.914302 0.353496 0.171396
298 0.800850 0.874681 0.397637 0.250637
65 0.211279 0.485681 0.392363 0.294769
65 0.356348 0.126632 0.451602 0.237154
139 0.538486 0.592467 0.346230 0.169396
267 0.175723 0.913923 0.351445 0.172154
267 0.800107 0.871967 0.399785 0.247319
220 0.812471 0.635665 0.171621 0.062670
297 0.657344 0.316940 0.072227 0.026341
298 0.482129 0.282698 0.283555 0.099330
298 0.656289 0.289396 0.097969 0.072813
298 0.813193 0.635819 0.168613 0.063989
298 0.826924 0.367731 0.345098 0.622231
254 0.500000 0.869560 1.000000 0.260879
34 0.655322 0.289335 0.101504 0.071769
75 0.657275 0.317159 0.071582 0.026363
12 0.105400 0.324549 0.210801 0.071451
298 0.520664 0.429456 0.291484 0.202407
298 0.537734 0.591973 0.346602 0.172846
298 0.359717 0.127110 0.451504 0.237714
298 0.212666 0.484846 0.397637 0.295978
167 0.482793 0.281632 0.283008 0.096560
182 0.827197 0.368022 0.345605 0.621670
86 0.520430 0.429852 0.292031 0.199879
