267 0.639033 0.920742 0.721934 0.158516
298 0.636719 0.918852 0.717656 0.162297
298 0.501416 0.873621 0.988262 0.252758
298 0.080488 0.834379 0.146445 0.144187
298 0.180332 0.652742 0.312852 0.110473
298 0.175625 0.457918 0.343398 0.915835
298 0.584697 0.542264 0.369434 0.110484
298 0.459902 0.294148 0.625703 0.587989
298 0.724492 0.040412 0.549141 0.080516
298 0.774414 0.342830 0.362773 0.322077
298 0.726152 0.142467 0.319492 0.086143
220 0.585127 0.541571 0.370371 0.108418
220 0.075029 0.833753 0.150059 0.144033
220 0.180215 0.653451 0.310117 0.108418
182 0.457197 0.295390 0.623223 0.590780
182 0.179199 0.456335 0.334961 0.912670
254 0.495479 0.873308 0.990957 0.253385
65 0.724834 0.040451 0.550332 0.080901
167 0.726660 0.141879 0.319141 0.088088
86 0.774824 0.342615 0.361289 0.320154
