298 0.484893 0.144687 0.165449 0.064758
220 0.652900 0.417143 0.544941 0.228681
182 0.500000 0.525203 1.000000 0.949593
260 0.689023 0.033681 0.201719 0.067363
34 0.689033 0.093604 0.225801 0.066066
250 0.855801 0.181049 0.288398 0.362099
30 0.484297 0.145269 0.165586 0.064363
219 0.315156 0.759242 0.630313 0.475824
254 0.696885 0.242593 0.606230 0.255780
298 0.688643 0.035456 0.200527 0.063593
298 0.690752 0.093324 0.222402 0.063593
298 0.857998 0.182126 0.284004 0.361022
298 0.692285 0.241610 0.601562 0.250253
298 0.652188 0.417000 0.543242 0.227692
298 0.318594 0.760291 0.634375 0.479418
298 0.500000 0.525423 1.000000 0.949154
