95 0.187275 0.174033 0.165879 0.108000
176 0.265576 0.707813 0.065059 0.035143
176 0.261553 0.794170 0.065059 0.035132
254 0.497979 0.453544 0.995957 0.354429
254 0.500000 0.812555 1.000000 0.374890
32 0.727441 0.319615 0.177070 0.213956
182 0.233945 0.214269 0.287383 0.192736
34 0.076416 0.426615 0.152832 0.133912
34 0.076895 0.268214 0.142500 0.120868
62 0.332568 0.380907 0.281582 0.081659
176 0.222334 0.447918 0.246738 0.101264
289 0.506016 0.186374 0.982500 0.372747
298 0.506689 0.187187 0.985762 0.373451
298 0.727002 0.319885 0.177949 0.212956
298 0.234121 0.214203 0.288086 0.192297
298 0.187520 0.173681 0.166641 0.108066
298 0.071865 0.269824 0.143730 0.122374
298 0.077520 0.425560 0.155039 0.135077
298 0.498369 0.454170 0.996738 0.354385
298 0.500000 0.813297 1.000000 0.373407
298 0.266602 0.708440 0.064961 0.036549
298 0.262363 0.794253 0.067773 0.036549
298 0.222822 0.447813 0.242910 0.103297
298 0.332979 0.381066 0.276816 0.084220
