298 0.539209 0.056225 0.898809 0.109681
298 0.203145 0.232154 0.406289 0.156703
267 0.203135 0.232115 0.406270 0.156692
298 0.394893 0.558363 0.448145 0.176637
184 0.541152 0.815308 0.089297 0.043451
298 0.335391 0.799126 0.496250 0.401747
298 0.657568 0.852522 0.684863 0.294868
295 0.543008 0.816198 0.096211 0.045582
18 0.544883 0.816500 0.102461 0.046319
267 0.458877 0.230060 0.406270 0.156692
30 0.539238 0.055709 0.898203 0.111418
34 0.918906 0.215170 0.162188 0.244209
172 0.336113 0.799198 0.493633 0.401604
298 0.917715 0.216484 0.162031 0.245011
102 0.394766 0.558676 0.446719 0.175747
30 0.632070 0.153764 0.286016 0.059286
30 0.657910 0.852566 0.684180 0.294868
298 0.632891 0.153802 0.286094 0.059824
298 0.458184 0.230016 0.407617 0.158121
