62 0.572256 0.737258 0.601934 0.329088
298 0.390605 0.097725 0.449102 0.195451
298 0.129629 0.143016 0.259258 0.286033
298 0.855586 0.284445 0.288828 0.454495
298 0.500000 0.736780 1.000000 0.526440
298 0.571357 0.738154 0.601621 0.332132
298 0.168877 0.676973 0.327637 0.282868
298 0.929023 0.904220 0.141953 0.139846
296 0.930439 0.738951 0.139121 0.143022
65 0.390918 0.096791 0.451523 0.193582
182 0.130957 0.142978 0.259961 0.285956
55 0.856221 0.284027 0.287559 0.450341
267 0.166387 0.676643 0.332773 0.281000
267 0.927949 0.903780 0.144102 0.138571
267 0.931260 0.740192 0.130215 0.138560
179 0.934893 0.738220 0.130215 0.138571
254 0.501709 0.737280 0.996582 0.525440
