298 0.185684 0.783071 0.371367 0.191000
65 0.853105 0.795275 0.293789 0.153538
296 0.690674 0.932731 0.618652 0.134538
298 0.147412 0.961758 0.294824 0.076484
298 0.274854 0.906659 0.186387 0.041187
298 0.853760 0.795242 0.292480 0.151670
298 0.561074 0.816775 0.292891 0.191000
298 0.536113 0.565852 0.396055 0.164780
298 0.504297 0.500000 0.991406 1.000000
12 0.274863 0.906951 0.184141 0.040209
65 0.146006 0.961571 0.292012 0.076857
65 0.186211 0.782467 0.372422 0.190209
135 0.503447 0.500000 0.993105 1.000000
182 0.559326 0.816484 0.285840 0.190198
169 0.688398 0.932956 0.613398 0.134088
267 0.693301 0.931181 0.613398 0.137637
143 0.532529 0.565011 0.389941 0.163582
