73 0.683486 0.314824 0.633027 0.223253
120 0.192520 0.806544 0.362578 0.379132
274 0.571357 0.657434 0.857285 0.552341
30 0.500000 0.676725 1.000000 0.633077
298 0.192881 0.807286 0.364355 0.378220
295 0.570312 0.657901 0.859375 0.553033
298 0.501113 0.676973 0.997773 0.632495
298 0.622207 0.322588 0.240078 0.095352
298 0.684707 0.314637 0.630586 0.222484
298 0.780371 0.127115 0.257031 0.193879
184 0.570605 0.658357 0.858789 0.552341
186 0.622363 0.321313 0.243555 0.093110
85 0.778428 0.127187 0.256035 0.193253
