298 0.742188 0.558747 0.513516 0.231451
143 0.976055 0.013698 0.047891 0.024846
143 0.833320 0.012423 0.087070 0.024846
37 0.724336 0.386621 0.029609 0.067637
37 0.688564 0.386137 0.029629 0.067637
219 0.643096 0.847742 0.713809 0.304516
37 0.089893 0.888692 0.179785 0.136066
254 0.179375 0.891280 0.358750 0.217440
12 0.505010 0.384731 0.119199 0.062275
167 0.104805 0.302555 0.201523 0.094495
85 0.129883 0.503582 0.259766 0.291363
65 0.742793 0.558637 0.514414 0.232066
65 0.709668 0.239324 0.580664 0.220209
226 0.839834 0.433714 0.320332 0.085297
298 0.642197 0.846907 0.715605 0.306187
298 0.180332 0.890610 0.360664 0.218780
298 0.089941 0.890077 0.179883 0.138264
298 0.834395 0.013687 0.094531 0.027374
298 0.976748 0.015676 0.046504 0.027659
298 0.710176 0.240121 0.579648 0.221253
298 0.106504 0.301813 0.204180 0.093604
298 0.131084 0.503923 0.260918 0.293582
298 0.503535 0.384791 0.121016 0.063824
298 0.838730 0.433714 0.322539 0.085099
298 0.689746 0.386698 0.032695 0.068209
298 0.725156 0.386698 0.029961 0.068209
298 0.527646 0.238016 0.035410 0.042143
298 0.554209 0.240703 0.017715 0.041385
298 0.579414 0.238396 0.029961 0.041385
298 0.775557 0.312736 0.059941 0.053648
298 0.817100 0.316571 0.055840 0.052110
32 0.527725 0.237396 0.034004 0.040681
32 0.553691 0.240154 0.020391 0.040176
32 0.579189 0.238714 0.030605 0.041604
32 0.816973 0.316187 0.057383 0.051648
32 0.776172 0.312604 0.059922 0.053077
