256 0.924717 0.680709 0.150566 0.079989
256 0.801289 0.734808 0.163086 0.079989
298 0.914990 0.891912 0.170020 0.203912
296 0.692363 0.771154 0.110156 0.067692
298 0.925010 0.680670 0.149980 0.080505
298 0.801904 0.735176 0.164629 0.079802
298 0.366924 0.817110 0.434355 0.303516
298 0.226992 0.829824 0.450820 0.340352
298 0.751250 0.854159 0.496406 0.290692
298 0.692998 0.912473 0.306465 0.175055
296 0.594229 0.797516 0.131699 0.081934
272 0.226064 0.829764 0.452129 0.340473
279 0.748965 0.643297 0.489219 0.214945
86 0.750801 0.854505 0.498398 0.290989
289 0.366934 0.817258 0.434258 0.303088
179 0.692295 0.771368 0.110137 0.067440
179 0.594336 0.797797 0.131250 0.081989
86 0.692979 0.912126 0.304941 0.175330
298 0.752246 0.642626 0.495508 0.213473
55 0.917373 0.893027 0.165254 0.201154
