272 0.337695 0.321637 0.266797 0.290989
86 0.124717 0.520247 0.249434 0.170890
289 0.641143 0.350500 0.717715 0.219396
73 0.669873 0.815549 0.660254 0.368901
73 0.384863 0.552582 0.352930 0.203231
93 0.914102 0.791610 0.171797 0.099308
184 0.914258 0.792665 0.171484 0.099308
30 0.891523 0.802000 0.216953 0.147802
267 0.120146 0.604544 0.176504 0.071593
182 0.772148 0.521445 0.455703 0.453923
182 0.901738 0.448533 0.196523 0.209330
182 0.432598 0.909742 0.865195 0.180516
186 0.391572 0.522626 0.143027 0.068330
186 0.390293 0.476385 0.186211 0.068330
186 0.904268 0.609176 0.191465 0.141209
120 0.646270 0.958874 0.409648 0.082253
172 0.244873 0.912016 0.484668 0.175967
298 0.123867 0.520291 0.247734 0.171110
298 0.903311 0.609374 0.189395 0.140879
298 0.648906 0.958659 0.412500 0.082681
298 0.243643 0.911698 0.484707 0.176604
298 0.432393 0.909890 0.864785 0.180220
298 0.669775 0.815269 0.659668 0.368451
295 0.913945 0.792143 0.171680 0.099912
298 0.891006 0.802352 0.214082 0.147934
298 0.193984 0.725703 0.387969 0.284264
298 0.120283 0.604467 0.175605 0.071198
298 0.390068 0.476407 0.185410 0.067890
298 0.392031 0.522500 0.144219 0.068451
298 0.385205 0.553225 0.352949 0.204099
298 0.901563 0.448412 0.196094 0.211462
298 0.772676 0.521962 0.454648 0.454165
298 0.641953 0.350962 0.716094 0.218802
298 0.337822 0.321538 0.264707 0.292352
254 0.194502 0.724632 0.389004 0.284055
