120 0.818799 0.893126 0.346621 0.207593
58 0.228799 0.803626 0.422871 0.130615
207 0.751943 0.108835 0.159004 0.217670
55 0.893457 0.383170 0.213086 0.427615
202 0.537998 0.340802 0.403613 0.213626
298 0.817100 0.892302 0.347402 0.208187
298 0.750723 0.108852 0.158164 0.217703
298 0.284980 0.275703 0.569961 0.465626
298 0.500000 0.789220 1.000000 0.421560
298 0.537480 0.340857 0.403906 0.217714
298 0.893721 0.383769 0.212559 0.427495
298 0.464033 0.930445 0.347402 0.122363
298 0.228184 0.803313 0.423672 0.131901
254 0.500000 0.789544 1.000000 0.420912
65 0.283750 0.275819 0.567500 0.463396
120 0.464150 0.930659 0.346621 0.119868
