298 0.517568 0.386813 0.134004 0.036769
298 0.721816 0.656192 0.483672 0.465198
298 0.561680 0.903022 0.300664 0.193956
298 0.210576 0.822599 0.421152 0.062516
298 0.483252 0.872236 0.875840 0.253747
182 0.159404 0.525857 0.318809 0.939692
239 0.210859 0.822016 0.421719 0.062341
182 0.724219 0.612621 0.551562 0.774758
24 0.560234 0.903214 0.300781 0.193571
189 0.518682 0.385571 0.130605 0.035626
55 0.483066 0.873154 0.874648 0.253692
219 0.722500 0.656121 0.482852 0.465385
95 0.122295 0.197714 0.244590 0.266879
95 0.730879 0.329236 0.378789 0.195835
143 0.352451 0.194071 0.368066 0.093527
298 0.123770 0.198352 0.241836 0.266615
298 0.158291 0.524720 0.316582 0.941418
298 0.352529 0.193747 0.366035 0.091934
298 0.733252 0.328896 0.382363 0.196736
298 0.722021 0.612060 0.555957 0.774099
