144 0.109482 0.781137 0.218965 0.283527
298 0.500000 0.474357 1.000000 0.948714
202 0.146348 0.451467 0.188125 0.076978
65 0.213906 0.158099 0.427812 0.291890
226 0.262236 0.434462 0.198691 0.086945
219 0.622686 0.365060 0.754629 0.470516
163 0.681865 0.180720 0.229121 0.142033
298 0.212949 0.158896 0.425898 0.292407
298 0.622568 0.365495 0.754863 0.470396
298 0.680107 0.070709 0.372832 0.141418
298 0.681523 0.180357 0.228789 0.141440
298 0.147686 0.452099 0.189238 0.077868
298 0.263496 0.433824 0.200547 0.088989
295 0.110967 0.782648 0.217480 0.284462
95 0.681943 0.070368 0.372051 0.140736
298 0.620410 0.797846 0.264648 0.152132
144 0.108262 0.782137 0.214453 0.284868
184 0.108047 0.781984 0.216094 0.283527
95 0.619219 0.798154 0.264922 0.152286
182 0.501504 0.473604 0.996992 0.947209
