298 0.258125 0.333681 0.108281 0.067538
298 0.267549 0.416451 0.042363 0.071516
298 0.304023 0.427709 0.044727 0.091374
298 0.219297 0.423736 0.082383 0.078132
298 0.228701 0.453533 0.435449 0.339022
298 0.894824 0.440291 0.185937 0.458209
184 0.691865 0.206637 0.078379 0.044088
184 0.757207 0.177269 0.078398 0.067000
135 0.499531 0.499863 0.999062 0.999725
207 0.641729 0.269231 0.428652 0.443802
173 0.632383 0.133945 0.139336 0.088154
173 0.593213 0.275242 0.130566 0.088154
173 0.713672 0.275231 0.107422 0.078330
189 0.255752 0.334665 0.108418 0.065198
167 0.228848 0.453291 0.435430 0.339725
184 0.585869 0.192780 0.063926 0.037560
298 0.482861 0.825060 0.961855 0.349879
298 0.502637 0.499379 0.994727 0.998077
65 0.231992 0.094352 0.463984 0.188703
189 0.304346 0.427159 0.043535 0.089857
189 0.268037 0.416544 0.043535 0.070231
189 0.218691 0.423077 0.084180 0.076769
12 0.164980 0.243412 0.301914 0.066956
173 0.609121 0.418170 0.139336 0.122495
182 0.894561 0.440220 0.187676 0.457319
254 0.481738 0.824429 0.963477 0.351143
298 0.642012 0.269582 0.427695 0.443363
298 0.631768 0.133610 0.137676 0.089000
298 0.586113 0.192962 0.064219 0.037484
298 0.756709 0.177154 0.077871 0.067297
298 0.691689 0.206736 0.079473 0.044264
298 0.593340 0.275390 0.130039 0.088516
298 0.713760 0.275390 0.107559 0.078582
298 0.609473 0.418412 0.138086 0.123396
298 0.233408 0.094643 0.463691 0.188055
298 0.167510 0.242967 0.303652 0.066220
