298 0.508232 0.696698 0.322168 0.179637
298 0.500986 0.784830 0.998027 0.430341
298 0.177881 0.114896 0.355762 0.229791
219 0.328994 0.793659 0.657988 0.412681
182 0.500000 0.785154 1.000000 0.429692
34 0.508203 0.696319 0.321484 0.180989
34 0.765176 0.638346 0.203398 0.108253
34 0.177832 0.115055 0.355664 0.230110
184 0.738779 0.651626 0.127832 0.054681
193 0.738203 0.651615 0.127812 0.054681
298 0.177881 0.114896 0.355762 0.229791
298 0.739775 0.652192 0.129434 0.055022
298 0.769990 0.637626 0.201348 0.110044
298 0.328896 0.793731 0.657793 0.412538
