298 0.286113 0.826236 0.570977 0.270187
289 0.500752 0.340110 0.998496 0.593560
78 0.202773 0.674654 0.135469 0.087110
78 0.074473 0.673302 0.135469 0.087110
173 0.286113 0.825857 0.572227 0.270527
298 0.235068 0.418824 0.287363 0.221253
272 0.803691 0.371819 0.392617 0.260187
298 0.804141 0.372022 0.389453 0.259560
298 0.502207 0.340110 0.995586 0.595692
279 0.719326 0.618593 0.561348 0.390286
298 0.719629 0.617747 0.560742 0.393582
298 0.204814 0.675187 0.136113 0.087231
272 0.230645 0.416780 0.285664 0.220681
298 0.074355 0.674121 0.132344 0.085099
