298 0.536064 0.924088 0.180762 0.150967
85 0.107080 0.322725 0.212324 0.645451
182 0.642529 0.500000 0.714941 1.000000
138 0.534873 0.923038 0.174863 0.147571
248 0.548916 0.945709 0.615137 0.108582
120 0.523936 0.699918 0.427793 0.421637
120 0.835361 0.898308 0.329277 0.203385
254 0.500000 0.906610 1.000000 0.186780
34 0.372969 0.166780 0.134961 0.084615
34 0.266924 0.452626 0.080996 0.057495
34 0.344014 0.444484 0.080996 0.057495
219 0.752168 0.249885 0.495664 0.499769
172 0.817588 0.648044 0.364824 0.460615
298 0.107031 0.322593 0.214062 0.645187
298 0.373643 0.166846 0.132754 0.085824
298 0.342578 0.444951 0.081914 0.057220
298 0.264912 0.452104 0.079082 0.058802
298 0.643750 0.500000 0.712500 1.000000
298 0.752500 0.250286 0.495000 0.500571
298 0.524766 0.700016 0.429336 0.421132
298 0.817461 0.647566 0.365078 0.462451
298 0.500000 0.906819 1.000000 0.186363
298 0.835820 0.897863 0.328359 0.203418
298 0.548770 0.944747 0.618555 0.106484
