298 0.577959 0.668038 0.844082 0.375791
120 0.568682 0.919253 0.862637 0.161495
27 0.578672 0.668670 0.842656 0.375670
267 0.329814 0.104352 0.346895 0.123736
184 0.775840 0.138308 0.331406 0.195187
258 0.777393 0.138341 0.331426 0.195187
30 0.710684 0.227879 0.578633 0.435495
120 0.295176 0.516159 0.590352 0.760582
295 0.775313 0.137731 0.333945 0.194495
298 0.711475 0.228978 0.577051 0.436308
298 0.328340 0.105192 0.344961 0.125681
298 0.295654 0.516440 0.591309 0.760440
298 0.568340 0.919753 0.861328 0.160495
