295 0.740840 0.887533 0.138398 0.074692
65 0.324961 0.319302 0.597773 0.430692
85 0.628145 0.483835 0.326836 0.227451
77 0.768916 0.648374 0.462168 0.203253
30 0.648496 0.822978 0.703008 0.354044
30 0.419570 0.765731 0.356953 0.142758
19 0.339873 0.684670 0.679746 0.609758
120 0.165703 0.162022 0.331406 0.280681
26 0.656104 0.862516 0.073105 0.075011
26 0.740000 0.887824 0.133281 0.075011
184 0.739883 0.888560 0.137383 0.071648
295 0.654697 0.864495 0.079082 0.073099
184 0.652773 0.862258 0.077070 0.068055
298 0.421641 0.765962 0.358672 0.143022
298 0.649404 0.822593 0.701191 0.354813
298 0.769443 0.648368 0.461113 0.203418
298 0.627861 0.483093 0.324824 0.228846
298 0.340059 0.684912 0.680117 0.610242
298 0.325635 0.319407 0.595957 0.429077
298 0.167461 0.162077 0.330469 0.279692
