298 0.468262 0.422775 0.161523 0.072341
298 0.779766 0.305929 0.303281 0.072341
298 0.939326 0.151060 0.121348 0.107571
298 0.792637 0.194648 0.414727 0.153934
298 0.500000 0.228962 1.000000 0.452538
230 0.780762 0.306813 0.302812 0.072418
230 0.468467 0.421918 0.162676 0.072407
291 0.500000 0.228709 1.000000 0.451154
267 0.567178 0.807527 0.511973 0.284505
239 0.572100 0.808451 0.511973 0.284505
39 0.791611 0.937764 0.416777 0.124473
82 0.939814 0.151896 0.120371 0.105571
172 0.491465 0.171560 0.408398 0.339495
115 0.792646 0.195368 0.414707 0.155264
296 0.572100 0.807621 0.514238 0.285615
298 0.790986 0.937445 0.418027 0.122407
298 0.491338 0.171467 0.412051 0.337549
