298 0.727598 0.453451 0.544805 0.242308
298 0.502559 0.947396 0.994883 0.105209
298 0.114629 0.822456 0.229258 0.293044
298 0.493096 0.636720 0.710801 0.559462
298 0.840742 0.703978 0.318516 0.320352
298 0.933311 0.526352 0.131387 0.096505
298 0.405928 0.450374 0.295645 0.203297
295 0.553750 0.643396 0.321172 0.104725
95 0.404805 0.450225 0.291523 0.201725
289 0.728604 0.454577 0.542793 0.240692
182 0.493193 0.638302 0.711660 0.562363
258 0.557148 0.643929 0.319844 0.105725
184 0.553037 0.645071 0.319863 0.105725
254 0.500000 0.947368 1.000000 0.105264
254 0.840547 0.702412 0.318906 0.321681
55 0.114658 0.822758 0.229316 0.292440
12 0.933877 0.526231 0.132246 0.095604
