182 0.763672 0.700632 0.472656 0.573242
254 0.358574 0.582621 0.703438 0.390451
143 0.397949 0.175330 0.138867 0.083407
143 0.511504 0.204626 0.138867 0.083407
143 0.618750 0.133626 0.138867 0.083407
298 0.399033 0.175176 0.141738 0.085319
298 0.511104 0.204846 0.141738 0.085319
298 0.619883 0.133445 0.135156 0.083462
200 0.082568 0.588830 0.132480 0.101154
200 0.181836 0.514297 0.173437 0.092330
200 0.394795 0.680264 0.173418 0.092330
55 0.610371 0.907352 0.779258 0.185297
298 0.609687 0.905918 0.780625 0.185462
298 0.522646 0.520148 0.355996 0.122407
298 0.762969 0.700049 0.474063 0.574956
298 0.680869 0.382896 0.217559 0.122407
298 0.314971 0.399593 0.197793 0.163209
298 0.130371 0.365280 0.125273 0.116846
298 0.318262 0.451522 0.118672 0.055637
298 0.356182 0.582275 0.708730 0.391341
295 0.084229 0.588769 0.131855 0.100154
295 0.181475 0.514577 0.174707 0.092736
295 0.395732 0.679643 0.174707 0.092736
189 0.522598 0.519610 0.356445 0.118912
78 0.317568 0.452170 0.116699 0.058560
32 0.128311 0.366093 0.123027 0.117132
78 0.314414 0.399813 0.198711 0.163275
184 0.678750 0.383841 0.214492 0.120692
