33 0.663623 0.888049 0.507246 0.223901
120 0.299443 0.671214 0.212441 0.092692
120 0.894766 0.867363 0.210469 0.265275
128 0.624795 0.444363 0.750410 0.575670
55 0.331963 0.276049 0.208105 0.141484
19 0.097529 0.364621 0.195059 0.196253
298 0.099063 0.364352 0.194492 0.196593
298 0.566836 0.494687 0.866328 0.989374
298 0.894824 0.866714 0.210352 0.266571
298 0.664385 0.888044 0.507637 0.223912
298 0.298486 0.670374 0.210957 0.096440
298 0.624521 0.445027 0.750957 0.576802
298 0.699004 0.109335 0.543906 0.209571
298 0.331455 0.276253 0.210957 0.142813
182 0.566270 0.495379 0.867461 0.990758
95 0.698311 0.107533 0.541934 0.215066
