297 0.907041 0.813429 0.115645 0.063780
125 0.646299 0.851423 0.182676 0.074495
184 0.491270 0.882071 0.130742 0.073549
30 0.673086 0.876049 0.653828 0.247901
262 0.131572 0.961478 0.191699 0.077044
297 0.490312 0.881720 0.124883 0.077066
297 0.647422 0.851121 0.189336 0.074791
297 0.791973 0.834687 0.128242 0.070209
218 0.792949 0.834923 0.127383 0.069780
297 0.521201 0.968720 0.156855 0.062560
297 0.693506 0.956121 0.171738 0.082462
297 0.852656 0.931319 0.167148 0.080527
298 0.673291 0.875956 0.653418 0.248088
298 0.131914 0.961269 0.191211 0.077308
298 0.121982 0.282011 0.234668 0.203363
298 0.513105 0.282011 0.288633 0.200330
298 0.777451 0.286566 0.288613 0.200319
298 0.164170 0.103687 0.328340 0.186670
184 0.646162 0.851588 0.182676 0.074495
12 0.778242 0.286247 0.286250 0.200714
49 0.122451 0.281973 0.235293 0.202802
34 0.164795 0.102945 0.327559 0.186835
12 0.512383 0.282077 0.286250 0.200725
184 0.851201 0.930429 0.165918 0.079209
184 0.693359 0.956159 0.169258 0.082033
184 0.520762 0.968495 0.155859 0.063011
124 0.907256 0.813401 0.112285 0.063176
184 0.792197 0.834978 0.127363 0.069780
60 0.492959 0.882049 0.130723 0.073549
155 0.850771 0.930165 0.165918 0.079209
74 0.693223 0.955148 0.169258 0.082033
218 0.520605 0.968379 0.155859 0.063242
184 0.906074 0.813709 0.112305 0.063176
