298 0.881953 0.970577 0.230742 0.058846
289 0.187451 0.277890 0.374902 0.327824
55 0.230049 0.550049 0.460098 0.371132
298 0.239160 0.348588 0.263711 0.079747
298 0.187158 0.279033 0.374316 0.330132
298 0.858564 0.410714 0.282871 0.148374
298 0.965703 0.316132 0.068594 0.066769
298 0.894824 0.211341 0.210352 0.146527
298 0.230010 0.549819 0.460020 0.370934
298 0.500000 0.868571 1.000000 0.262857
298 0.145947 0.880626 0.291895 0.238747
298 0.390781 0.923538 0.237344 0.120549
188 0.238857 0.349027 0.261113 0.080407
98 0.389023 0.922654 0.234258 0.120099
189 0.144854 0.880951 0.289707 0.238099
226 0.965039 0.316549 0.069922 0.068044
65 0.894189 0.211286 0.211621 0.146264
254 0.500000 0.868577 1.000000 0.262846
65 0.857900 0.408747 0.284199 0.146264
120 0.883437 0.971451 0.233125 0.057099
