298 0.360908 0.146874 0.054941 0.068165
298 0.494131 0.068824 0.508184 0.137407
188 0.338301 0.087060 0.083203 0.049791
10 0.873779 0.222011 0.081426 0.044813
10 0.748955 0.200599 0.111465 0.035857
37 0.359687 0.147868 0.050391 0.067780
260 0.243516 0.138879 0.078672 0.087143
289 0.493027 0.068418 0.508516 0.136835
298 0.362266 0.820742 0.629062 0.352538
298 0.500518 0.777462 0.998965 0.444967
298 0.410352 0.323764 0.466992 0.270473
298 0.794453 0.341621 0.411094 0.275264
298 0.873223 0.222610 0.085156 0.046209
298 0.749600 0.201665 0.112637 0.035549
298 0.242783 0.137599 0.082402 0.089484
298 0.680918 0.072764 0.195039 0.142187
298 0.428203 0.146104 0.222500 0.121945
298 0.338926 0.087291 0.082422 0.051000
58 0.362598 0.820681 0.628164 0.351275
254 0.500000 0.777720 1.000000 0.444560
120 0.724170 0.911203 0.551660 0.177593
65 0.409453 0.323830 0.465234 0.272231
86 0.795449 0.340841 0.409102 0.274846
226 0.426465 0.145725 0.222070 0.120857
188 0.679951 0.072412 0.192949 0.144824
298 0.723027 0.911104 0.553945 0.177791
