298 0.070127 0.524786 0.140254 0.231835
267 0.333838 0.631505 0.356270 0.208923
102 0.174355 0.964341 0.249336 0.071319
30 0.572334 0.822940 0.855332 0.354121
49 0.251621 0.520132 0.239727 0.182593
49 0.072334 0.524522 0.144668 0.229352
267 0.766094 0.550192 0.455586 0.425308
256 0.772197 0.546786 0.455605 0.425308
298 0.769561 0.547038 0.460879 0.428429
298 0.571777 0.822203 0.856445 0.355593
298 0.174883 0.964088 0.247227 0.071824
298 0.336396 0.631423 0.359316 0.207725
298 0.252344 0.520143 0.237344 0.185473
