230 0.405176 0.855951 0.181445 0.076670
172 0.654678 0.497769 0.631387 0.929077
298 0.659551 0.500000 0.680898 1.000000
298 0.653467 0.497544 0.636504 0.927022
298 0.405723 0.855654 0.181289 0.079330
298 0.228477 0.522473 0.439102 0.333187
298 0.139844 0.311681 0.277969 0.129187
298 0.197822 0.139407 0.395645 0.278813
298 0.683682 0.961049 0.358535 0.077066
182 0.658096 0.500000 0.681855 1.000000
65 0.227070 0.521401 0.435508 0.334868
65 0.197783 0.139429 0.395566 0.278857
226 0.138262 0.313555 0.276523 0.131637
230 0.683320 0.961665 0.360156 0.076670
