78 0.875049 0.711956 0.197754 0.153670
189 0.717344 0.940753 0.565312 0.118495
254 0.500000 0.707846 1.000000 0.407187
184 0.237803 0.389484 0.464746 0.385231
254 0.558369 0.962648 0.883262 0.074703
182 0.783574 0.650879 0.432852 0.319648
298 0.501592 0.707637 0.996816 0.409560
298 0.917246 0.754022 0.165508 0.085319
298 0.875693 0.710434 0.201074 0.153945
298 0.653184 0.677978 0.178008 0.085319
298 0.600439 0.611214 0.197793 0.107571
298 0.615273 0.663137 0.075820 0.040802
298 0.782090 0.650159 0.435820 0.319000
298 0.709229 0.508275 0.072520 0.098308
298 0.305029 0.939143 0.228848 0.107297
298 0.618086 0.940038 0.225664 0.105505
298 0.717666 0.941852 0.564668 0.116297
298 0.560391 0.962418 0.879219 0.075165
289 0.944209 0.351560 0.111582 0.461077
141 0.636904 0.075484 0.532129 0.150967
298 0.488359 0.526824 0.184609 0.061209
298 0.509785 0.498077 0.075820 0.033385
78 0.601045 0.611363 0.197754 0.105407
298 0.636699 0.074698 0.534023 0.149396
298 0.941963 0.352478 0.116074 0.461813
298 0.237832 0.389577 0.461484 0.383923
34 0.487334 0.526500 0.179902 0.058209
260 0.508691 0.497396 0.078711 0.032901
32 0.706602 0.506253 0.078711 0.101231
101 0.614395 0.662527 0.074219 0.039231
35 0.305273 0.937692 0.224883 0.106286
35 0.617773 0.940269 0.224883 0.106297
120 0.917354 0.753703 0.165293 0.084923
120 0.652480 0.677632 0.174336 0.084912
