32 0.174111 0.131440 0.040488 0.034176
82 0.838389 0.769192 0.265449 0.137747
219 0.396260 0.157385 0.156348 0.158220
27 0.164619 0.447418 0.329238 0.227758
55 0.177930 0.224973 0.262383 0.211769
55 0.502832 0.222560 0.415820 0.369516
30 0.500000 0.787769 1.000000 0.397956
184 0.837725 0.770242 0.268145 0.137758
295 0.836768 0.768396 0.269902 0.136000
298 0.500000 0.789923 1.000000 0.405714
298 0.165596 0.448808 0.331191 0.226648
298 0.095527 0.188159 0.116836 0.149593
298 0.176104 0.230082 0.261855 0.219857
298 0.395645 0.157555 0.153086 0.156385
298 0.500391 0.224418 0.418945 0.371714
219 0.094092 0.189368 0.113965 0.148736
