298 0.573789 0.637593 0.519180 0.264132
286 0.899004 0.590165 0.201992 0.170462
120 0.574668 0.638247 0.516602 0.262253
298 0.920811 0.802967 0.158379 0.152857
120 0.489121 0.454621 0.349492 0.152956
298 0.608125 0.901907 0.670273 0.196187
25 0.273643 0.172753 0.435020 0.214165
62 0.401816 0.613115 0.372891 0.343110
298 0.490010 0.455137 0.351621 0.149923
298 0.905703 0.114434 0.188594 0.228868
298 0.272998 0.172374 0.434043 0.214681
298 0.898838 0.590451 0.202324 0.173253
298 0.403477 0.613637 0.376328 0.342967
120 0.920361 0.802115 0.159277 0.152956
142 0.609561 0.902154 0.668066 0.195692
117 0.904834 0.113698 0.190332 0.227396
