298 0.687266 0.725703 0.170937 0.091363
65 0.547969 0.628648 0.410586 0.248132
143 0.602715 0.399346 0.191602 0.090692
298 0.843955 0.687231 0.199434 0.139451
85 0.200225 0.644049 0.400449 0.391879
298 0.312607 0.892104 0.623926 0.215791
298 0.201504 0.644758 0.396016 0.391121
298 0.547656 0.628725 0.410273 0.250066
182 0.312197 0.891374 0.622480 0.216484
298 0.603213 0.400302 0.196582 0.091374
122 0.311240 0.891758 0.622480 0.216484
182 0.842988 0.688544 0.197695 0.142033
122 0.686328 0.726231 0.167187 0.092374
