298 0.833662 0.151038 0.332676 0.253264
298 0.128525 0.185505 0.257051 0.193956
298 0.483555 0.139016 0.264961 0.081747
295 0.470781 0.830016 0.280195 0.080209
295 0.211191 0.323066 0.271953 0.080527
102 0.383379 0.424484 0.502734 0.225077
202 0.131094 0.186819 0.256484 0.194473
30 0.512529 0.748099 0.974941 0.476418
30 0.248398 0.338132 0.446836 0.153451
30 0.798125 0.479912 0.398047 0.151560
30 0.603203 0.303401 0.236016 0.082758
12 0.830986 0.149791 0.332324 0.251736
184 0.471689 0.830527 0.279668 0.080857
238 0.471738 0.827286 0.279648 0.080857
120 0.251367 0.639330 0.502734 0.225077
298 0.511719 0.748951 0.976562 0.477681
298 0.800898 0.479648 0.398203 0.150681
184 0.211143 0.323967 0.269668 0.082769
298 0.383838 0.424346 0.504277 0.222802
98 0.207998 0.323934 0.269668 0.082769
30 0.687598 0.261863 0.340156 0.127593
256 0.480322 0.140473 0.266934 0.083253
298 0.252461 0.639143 0.504922 0.226022
298 0.687256 0.261648 0.341895 0.128242
298 0.604639 0.304126 0.239316 0.081747
298 0.248506 0.337786 0.450137 0.155484
