30 0.716328 0.111341 0.567344 0.214725
51 0.164736 0.798918 0.252441 0.164275
30 0.360859 0.837467 0.435312 0.230121
30 0.691133 0.475522 0.617734 0.112033
30 0.368389 0.485830 0.474199 0.067593
30 0.153789 0.299291 0.307578 0.136033
30 0.721758 0.302648 0.556484 0.136022
30 0.211689 0.103335 0.423379 0.206670
267 0.166201 0.800681 0.252441 0.164286
296 0.164463 0.799440 0.253574 0.165099
298 0.361055 0.837110 0.435898 0.230835
298 0.368164 0.486060 0.472930 0.067330
298 0.691211 0.474841 0.617578 0.112209
298 0.154170 0.299313 0.308340 0.136253
298 0.722549 0.302522 0.554902 0.136253
298 0.211152 0.103571 0.422305 0.207143
298 0.716846 0.110967 0.566309 0.214791
