297 0.351230 0.652753 0.263711 0.150231
5 0.475166 0.570225 0.187012 0.148033
5 0.255557 0.448846 0.262285 0.168022
5 0.351279 0.652082 0.262285 0.148033
5 0.470146 0.349159 0.178691 0.148033
5 0.089346 0.432511 0.178691 0.148033
78 0.231934 0.082885 0.184570 0.132692
78 0.841035 0.045731 0.184570 0.074692
78 0.480420 0.068379 0.184590 0.107484
102 0.870371 0.938511 0.259258 0.122978
34 0.763057 0.540802 0.473887 0.489934
298 0.840742 0.045346 0.187891 0.074187
298 0.479795 0.068527 0.184590 0.109429
298 0.232559 0.083368 0.184609 0.135396
298 0.870107 0.939049 0.259785 0.121901
298 0.762969 0.539621 0.474063 0.491484
297 0.089912 0.432049 0.179824 0.150231
297 0.255645 0.448742 0.263711 0.168780
297 0.473193 0.570220 0.191191 0.148374
297 0.469902 0.349516 0.178008 0.148374
