298 0.126006 0.285692 0.245020 0.121824
298 0.500322 0.739022 0.999355 0.521956
297 0.954736 0.611088 0.090527 0.144264
297 0.811191 0.632731 0.145312 0.078538
297 0.936221 0.756962 0.127559 0.137857
297 0.930527 0.914055 0.138945 0.125033
297 0.694375 0.814363 0.344727 0.371275
297 0.315459 0.818676 0.361816 0.267703
297 0.134551 0.609489 0.205117 0.134648
279 0.880166 0.051874 0.239668 0.103747
289 0.270752 0.177495 0.354668 0.151824
73 0.123809 0.284857 0.247617 0.119297
27 0.500000 0.387879 1.000000 0.342681
184 0.931924 0.914824 0.136152 0.126374
218 0.936680 0.757231 0.126641 0.136242
8 0.812324 0.629676 0.141680 0.077769
184 0.954941 0.611533 0.090117 0.138033
90 0.694082 0.813165 0.343516 0.371143
184 0.313975 0.819000 0.359785 0.265692
41 0.137744 0.609027 0.202637 0.131462
236 0.930020 0.915297 0.139961 0.126374
150 0.954209 0.612005 0.091582 0.138033
184 0.809922 0.632423 0.141680 0.077769
184 0.936592 0.756269 0.126816 0.136253
184 0.693379 0.814429 0.343516 0.371143
184 0.132637 0.608599 0.202617 0.131462
53 0.316172 0.819352 0.359805 0.265692
30 0.500000 0.738423 1.000000 0.523154
298 0.880664 0.053077 0.238672 0.106154
298 0.268457 0.177489 0.358984 0.152275
298 0.500000 0.388280 1.000000 0.343044
