296 0.796299 0.393396 0.239004 0.137714
27 0.588271 0.710363 0.823457 0.450198
27 0.842656 0.879203 0.314688 0.241593
125 0.799951 0.393484 0.236934 0.135495
267 0.217227 0.422923 0.411641 0.246901
125 0.223105 0.424044 0.411641 0.246901
267 0.797959 0.393451 0.236934 0.135495
141 0.667891 0.256890 0.128164 0.089604
279 0.362979 0.226297 0.287441 0.124571
73 0.749463 0.366165 0.501074 0.159538
298 0.842520 0.879423 0.314961 0.241154
298 0.588428 0.710308 0.823145 0.449758
298 0.749121 0.365571 0.501758 0.159033
298 0.363643 0.226473 0.285684 0.125033
298 0.668564 0.256610 0.126348 0.089791
296 0.219434 0.425077 0.414805 0.250220
