299 0.372109 0.463368 0.085313 0.113330
299 0.135137 0.528703 0.099531 0.100000
184 0.876143 0.643918 0.184746 0.074253
55 0.761963 0.396560 0.167559 0.095824
32 0.135645 0.528703 0.096133 0.100462
32 0.372061 0.463044 0.084629 0.114264
279 0.873633 0.200967 0.247227 0.145538
71 0.876465 0.644780 0.183008 0.074396
299 0.269004 0.460698 0.538008 0.350670
299 0.112627 0.155368 0.215645 0.209330
299 0.500117 0.244033 0.398203 0.357341
30 0.715449 0.804725 0.195859 0.079033
33 0.244570 0.542016 0.128594 0.067901
78 0.389004 0.603242 0.073203 0.047868
299 0.874453 0.200698 0.251094 0.145330
34 0.855918 0.507511 0.267109 0.143593
254 0.560137 0.693099 0.879023 0.451297
299 0.606729 0.319363 0.189590 0.236000
184 0.112881 0.155813 0.214199 0.210659
289 0.499492 0.245462 0.398789 0.356637
299 0.244150 0.542033 0.132715 0.068000
299 0.389893 0.603368 0.073457 0.049330
299 0.857930 0.508033 0.270156 0.144000
299 0.761943 0.396033 0.168262 0.096000
299 0.712891 0.805297 0.198125 0.079868
299 0.877119 0.643896 0.188262 0.073330
299 0.561348 0.693593 0.877305 0.452989
188 0.605713 0.319440 0.189824 0.236132
73 0.270117 0.460593 0.540234 0.350330
