230 0.383115 0.489335 0.109238 0.052670
299 0.500000 0.900571 1.000000 0.198857
299 0.769971 0.517615 0.443105 0.762571
299 0.510771 0.533093 0.463379 0.715330
95 0.536553 0.048885 0.442129 0.093659
117 0.474141 0.188632 0.452539 0.367286
289 0.097031 0.233258 0.192461 0.459484
172 0.501699 0.899791 0.996602 0.197538
219 0.770635 0.517868 0.442129 0.762374
299 0.474570 0.188467 0.454688 0.365000
299 0.535381 0.049154 0.443105 0.092879
299 0.383340 0.488286 0.110039 0.055407
128 0.510547 0.533231 0.462930 0.714088
299 0.096104 0.233280 0.192207 0.457879
