299 0.958105 0.278901 0.083789 0.272110
289 0.958105 0.278621 0.083789 0.272165
289 0.094424 0.179846 0.072832 0.223890
279 0.370107 0.318863 0.343301 0.162429
128 0.277783 0.637857 0.314707 0.139011
188 0.032910 0.205456 0.065820 0.160956
267 0.397412 0.481286 0.527949 0.376066
267 0.533955 0.841258 0.535762 0.302912
267 0.948779 0.967819 0.096230 0.064363
34 0.108730 0.349588 0.215859 0.092187
34 0.232266 0.381780 0.187266 0.083407
34 0.071016 0.422022 0.124844 0.058527
299 0.950869 0.967374 0.098262 0.065253
299 0.719277 0.768549 0.231680 0.094505
299 0.532490 0.841060 0.535762 0.301440
299 0.277637 0.638198 0.315664 0.140132
299 0.397822 0.480143 0.527090 0.374769
299 0.072012 0.422297 0.124531 0.057033
299 0.234199 0.380747 0.188242 0.081473
299 0.332656 0.088533 0.431523 0.177066
299 0.093730 0.180324 0.069492 0.224868
299 0.109131 0.349780 0.218262 0.091253
299 0.368857 0.318824 0.341738 0.162945
299 0.033838 0.205577 0.067676 0.161308
279 0.331445 0.088297 0.432422 0.176593
120 0.718994 0.768148 0.233496 0.093791
