299 0.094180 0.335170 0.188359 0.094604
299 0.356504 0.456549 0.291875 0.190989
271 0.500000 0.819165 1.000000 0.361670
299 0.407256 0.631478 0.786777 0.326648
299 0.500000 0.819753 1.000000 0.360495
299 0.120156 0.477071 0.206211 0.060692
299 0.089424 0.627901 0.178848 0.116022
120 0.119131 0.476896 0.205449 0.059989
182 0.436426 0.378121 0.850469 0.348264
33 0.089229 0.626154 0.176855 0.115604
254 0.409121 0.630544 0.785430 0.329242
267 0.357109 0.456412 0.291289 0.188758
299 0.090020 0.097527 0.158633 0.195055
188 0.088740 0.098000 0.159395 0.196000
95 0.094619 0.335412 0.185059 0.095198
299 0.437402 0.378901 0.853398 0.346286
