120 0.353203 0.771038 0.205469 0.065813
299 0.740381 0.352126 0.184004 0.085681
299 0.710234 0.199511 0.085664 0.051769
299 0.523066 0.187912 0.072969 0.042835
299 0.126494 0.146852 0.244277 0.203484
299 0.316855 0.294115 0.295039 0.191000
299 0.315264 0.479753 0.583730 0.622956
299 0.369189 0.504742 0.228418 0.290956
299 0.108457 0.519918 0.216914 0.310582
299 0.897412 0.488676 0.193535 0.180275
120 0.525869 0.666978 0.181465 0.086044
7 0.361582 0.577868 0.314688 0.194615
184 0.771416 0.923698 0.269668 0.072890
299 0.920947 0.662714 0.158105 0.074967
295 0.805420 0.876901 0.111035 0.049978
295 0.770518 0.924209 0.269668 0.073187
299 0.351738 0.772484 0.206211 0.066044
299 0.611895 0.731434 0.225234 0.055330
299 0.526230 0.666280 0.180820 0.082099
299 0.618242 0.749280 0.409258 0.123154
299 0.526230 0.666280 0.180820 0.078538
299 0.546855 0.598451 0.164961 0.057121
299 0.359678 0.577033 0.317246 0.192769
299 0.116982 0.892973 0.225254 0.110670
299 0.119561 0.746604 0.239121 0.099956
299 0.106875 0.519918 0.213750 0.310582
86 0.896992 0.489363 0.193008 0.179978
184 0.805791 0.875357 0.111035 0.047593
30 0.805791 0.875357 0.111035 0.047593
117 0.370410 0.505390 0.228867 0.291176
143 0.522979 0.186275 0.073301 0.043121
30 0.554766 0.867582 0.873867 0.264835
118 0.611982 0.730049 0.223652 0.059989
189 0.617178 0.749071 0.405723 0.121462
7 0.121738 0.745412 0.236680 0.099505
95 0.318086 0.294720 0.296484 0.190231
182 0.314189 0.479824 0.585176 0.618967
184 0.125635 0.146923 0.244473 0.204857
184 0.740723 0.352516 0.184648 0.086330
186 0.546963 0.597615 0.166465 0.055604
186 0.920166 0.663467 0.158652 0.076099
143 0.709561 0.199396 0.086621 0.050615
219 0.108232 0.519951 0.216465 0.309308
142 0.116514 0.893923 0.219902 0.108725
19 0.771201 0.923918 0.269863 0.074978
30 0.806230 0.875330 0.109531 0.047626
