299 0.880879 0.061209 0.081094 0.035846
299 0.649199 0.062022 0.063711 0.044000
299 0.837441 0.189934 0.243281 0.055407
299 0.660781 0.215192 0.173750 0.079835
299 0.840342 0.318665 0.139004 0.169462
299 0.255996 0.677352 0.507148 0.645297
299 0.389893 0.252033 0.329395 0.421341
73 0.837842 0.189088 0.243223 0.056242
143 0.881152 0.062055 0.080625 0.035121
55 0.839551 0.318863 0.137852 0.168275
143 0.647090 0.062786 0.059805 0.042429
207 0.255273 0.677357 0.510547 0.645286
242 0.389619 0.252286 0.330293 0.421429
73 0.659590 0.214390 0.173242 0.080604
