299 0.599961 0.341473 0.104258 0.071692
299 0.546387 0.734978 0.182461 0.092879
295 0.659326 0.858005 0.072402 0.039110
30 0.688701 0.825896 0.397910 0.304363
120 0.545664 0.733703 0.184648 0.090725
95 0.864258 0.436659 0.202852 0.128769
182 0.779727 0.644445 0.434336 0.635066
137 0.083623 0.826626 0.167246 0.133165
142 0.236172 0.882220 0.470742 0.235560
289 0.072314 0.373005 0.137832 0.203396
289 0.926670 0.333495 0.145645 0.077560
184 0.600273 0.341544 0.106641 0.070231
55 0.090527 0.666396 0.179453 0.178527
30 0.324600 0.657615 0.262676 0.149253
295 0.614443 0.822159 0.052129 0.042363
295 0.692646 0.809940 0.052129 0.050516
299 0.683955 0.825418 0.388066 0.306330
299 0.317598 0.325995 0.124531 0.050516
7 0.616797 0.823264 0.053086 0.040879
184 0.661514 0.856451 0.069863 0.034593
142 0.660117 0.856451 0.067070 0.037736
184 0.616797 0.821857 0.053086 0.040879
184 0.317676 0.326346 0.122227 0.051220
102 0.696221 0.810742 0.050215 0.049088
184 0.693418 0.809170 0.050234 0.049088
299 0.236270 0.882566 0.472539 0.234868
299 0.084229 0.827049 0.168457 0.133615
299 0.090020 0.665731 0.180039 0.182495
299 0.323389 0.656769 0.263535 0.148286
299 0.781162 0.643731 0.437676 0.637110
299 0.864961 0.436791 0.205625 0.128725
299 0.072881 0.373247 0.139004 0.203681
299 0.811562 0.728462 0.376875 0.281890
299 0.927227 0.333324 0.144805 0.078209
219 0.806182 0.728962 0.366504 0.281176
