207 0.381143 0.455841 0.085801 0.250011
135 0.615586 0.442907 0.499531 0.368978
299 0.614600 0.443357 0.500137 0.370253
299 0.660654 0.422066 0.190840 0.161055
299 0.753008 0.653473 0.493984 0.664593
299 0.748076 0.740478 0.503848 0.394319
299 0.418818 0.724742 0.279668 0.148099
299 0.575107 0.785841 0.118457 0.099967
299 0.427041 0.899396 0.631738 0.201209
299 0.195430 0.041181 0.390859 0.082363
299 0.140791 0.447055 0.236895 0.088857
299 0.380977 0.455390 0.085547 0.249923
182 0.753398 0.654126 0.493203 0.663835
95 0.661553 0.421352 0.193066 0.160352
120 0.419453 0.725681 0.278867 0.148286
286 0.574209 0.785165 0.116465 0.098286
252 0.748799 0.741198 0.502402 0.393121
172 0.427109 0.899049 0.631289 0.201901
184 0.140576 0.446357 0.235957 0.086209
141 0.195732 0.042132 0.389199 0.084264
