299 0.139141 0.400780 0.240195 0.151802
142 0.432227 0.378852 0.344922 0.348648
220 0.297187 0.660467 0.380625 0.191484
220 0.136377 0.521929 0.220996 0.081484
142 0.138770 0.400665 0.238477 0.153462
126 0.663740 0.383967 0.129824 0.146066
120 0.346396 0.126291 0.166582 0.084363
252 0.158398 0.056791 0.316797 0.113582
128 0.517520 0.136857 0.530156 0.239670
221 0.109238 0.218555 0.213672 0.231088
299 0.298730 0.659956 0.381680 0.192527
299 0.134209 0.522038 0.223730 0.083308
299 0.108232 0.218429 0.216465 0.231407
299 0.159238 0.058297 0.318477 0.111077
299 0.515889 0.136049 0.533027 0.240670
299 0.346436 0.126791 0.167793 0.085165
299 0.433633 0.379489 0.342188 0.349879
299 0.663945 0.384115 0.125039 0.144407
