299 0.147373 0.450764 0.098691 0.029615
267 0.042539 0.407566 0.072656 0.111637
30 0.452305 0.846049 0.781094 0.307901
137 0.100928 0.686753 0.197051 0.149615
7 0.968916 0.328758 0.062168 0.130901
97 0.041582 0.406901 0.073594 0.108198
73 0.535625 0.288681 0.928750 0.243121
34 0.841670 0.432280 0.315762 0.113549
34 0.905781 0.362154 0.121094 0.029385
34 0.725342 0.376846 0.244551 0.034725
34 0.737842 0.773121 0.524316 0.358484
30 0.148145 0.450830 0.099727 0.029396
299 0.738203 0.772879 0.523594 0.359143
267 0.830898 0.414242 0.245859 0.041648
299 0.451719 0.845714 0.779805 0.308571
299 0.100010 0.686797 0.200020 0.149945
299 0.535850 0.287852 0.928301 0.244363
299 0.841846 0.432247 0.316309 0.114780
299 0.968525 0.329500 0.062949 0.131440
299 0.907432 0.361901 0.118457 0.029626
299 0.726465 0.379489 0.243477 0.042582
299 0.512598 0.398000 0.164531 0.035165
299 0.318477 0.412813 0.171094 0.038879
296 0.830107 0.415588 0.246777 0.037022
296 0.042090 0.408181 0.072383 0.111066
51 0.825352 0.415192 0.242656 0.036868
105 0.738623 0.772242 0.522754 0.355319
34 0.512842 0.396214 0.166191 0.030714
34 0.320537 0.413544 0.175684 0.035989
