7 0.082725 0.706637 0.163848 0.153648
7 0.758203 0.565225 0.174492 0.072890
120 0.600889 0.599434 0.145410 0.060978
267 0.265137 0.973533 0.526094 0.050582
299 0.331631 0.929016 0.658066 0.141967
299 0.266172 0.973451 0.532344 0.053099
299 0.203301 0.754363 0.111875 0.055538
299 0.081914 0.707159 0.163828 0.153659
299 0.226338 0.642363 0.315879 0.072198
299 0.509521 0.478533 0.980957 0.259176
299 0.367822 0.471121 0.125020 0.048132
299 0.906006 0.792319 0.187988 0.142549
299 0.555371 0.659027 0.289531 0.186978
299 0.912363 0.643291 0.141484 0.037022
299 0.716592 0.600714 0.315879 0.229560
299 0.599795 0.599786 0.148066 0.064802
299 0.757725 0.565538 0.174395 0.074044
299 0.894492 0.420214 0.211016 0.049989
299 0.624463 0.435951 0.105293 0.074055
299 0.739629 0.564615 0.493555 0.416527
299 0.953721 0.273038 0.092559 0.129593
299 0.884404 0.314692 0.105293 0.064791
299 0.706719 0.272115 0.269805 0.190670
299 0.825176 0.107352 0.131602 0.098110
267 0.366602 0.470687 0.114570 0.047176
105 0.906123 0.791511 0.187754 0.144868
182 0.739414 0.563231 0.494141 0.414110
128 0.885059 0.314473 0.104023 0.062923
34 0.225762 0.642247 0.314688 0.071703
73 0.509248 0.476896 0.980488 0.259000
95 0.624697 0.435071 0.103105 0.071396
120 0.204990 0.754176 0.111895 0.055604
51 0.264775 0.973676 0.522754 0.052648
34 0.331094 0.928313 0.655391 0.143374
141 0.826553 0.108148 0.132637 0.098033
85 0.705615 0.272038 0.267363 0.192275
85 0.954053 0.273615 0.091895 0.129363
30 0.892871 0.420643 0.205664 0.049418
170 0.715176 0.599549 0.310547 0.224418
102 0.915273 0.642000 0.135312 0.036066
30 0.555586 0.658698 0.284883 0.184341
