296 0.343662 0.422945 0.170879 0.156418
34 0.124336 0.507632 0.106641 0.054143
105 0.067119 0.340077 0.101426 0.038044
299 0.849219 0.489753 0.301562 0.048890
73 0.763076 0.367885 0.473848 0.269242
299 0.814277 0.467758 0.231680 0.021187
279 0.108730 0.139604 0.215859 0.275099
267 0.138242 0.542747 0.276484 0.537033
97 0.344102 0.422758 0.171641 0.156571
299 0.065645 0.340654 0.101367 0.040736
299 0.123555 0.509302 0.107148 0.052143
299 0.763779 0.368363 0.472441 0.268857
296 0.140703 0.542709 0.281406 0.536077
267 0.344453 0.422423 0.171836 0.156187
34 0.848906 0.489335 0.302188 0.049747
267 0.813721 0.467797 0.227363 0.020824
229 0.139561 0.542907 0.274941 0.536978
299 0.108838 0.139423 0.217676 0.277000
