289 0.118721 0.297489 0.237441 0.303066
220 0.237451 0.631027 0.204629 0.069418
299 0.262295 0.577901 0.153262 0.039956
299 0.118994 0.297115 0.237988 0.302868
299 0.234258 0.632582 0.209336 0.069407
299 0.393135 0.627330 0.115879 0.054681
299 0.641729 0.590522 0.179434 0.481637
299 0.791250 0.553714 0.366328 0.374374
299 0.903398 0.424363 0.134570 0.039956
299 0.071641 0.654676 0.123359 0.302868
299 0.131455 0.849220 0.242988 0.103055
25 0.071943 0.653885 0.120371 0.301374
156 0.640684 0.589549 0.180547 0.480835
167 0.791143 0.553989 0.367129 0.375868
220 0.129121 0.848582 0.240742 0.101582
220 0.258516 0.577692 0.150469 0.037253
220 0.393926 0.627637 0.114336 0.055868
33 0.902480 0.424473 0.132422 0.042330
