299 0.581904 0.650462 0.388770 0.265011
299 0.890313 0.561077 0.100938 0.056791
299 0.957305 0.646258 0.085391 0.126187
299 0.953564 0.759830 0.092871 0.058890
299 0.944521 0.815571 0.104668 0.199802
173 0.352471 0.457330 0.395957 0.287604
120 0.582949 0.651011 0.384141 0.262681
120 0.187012 0.411615 0.348672 0.345802
120 0.890254 0.560407 0.100469 0.054857
252 0.409668 0.825495 0.819336 0.349011
221 0.956943 0.646852 0.086113 0.128011
137 0.952305 0.759077 0.088633 0.059846
142 0.943437 0.815599 0.100469 0.199505
299 0.185654 0.411747 0.351387 0.347033
299 0.350137 0.456967 0.396250 0.286044
299 0.410576 0.825231 0.821152 0.349538
