120 0.315537 0.759901 0.416621 0.181209
96 0.612490 0.977621 0.135918 0.044758
30 0.557969 0.035374 0.083281 0.044989
299 0.639268 0.174000 0.194121 0.042571
299 0.423760 0.162890 0.204004 0.038879
55 0.384980 0.064154 0.242305 0.116374
184 0.492422 0.788489 0.539961 0.227857
42 0.782158 0.224451 0.187129 0.128615
267 0.929150 0.236220 0.072012 0.064835
42 0.931357 0.235912 0.078691 0.063407
30 0.596250 0.057505 0.097500 0.046549
34 0.902070 0.330148 0.189102 0.123022
254 0.875479 0.117352 0.230488 0.169582
30 0.423389 0.163071 0.200918 0.038231
30 0.639063 0.172214 0.189063 0.039901
267 0.776367 0.223522 0.186172 0.128011
299 0.598145 0.058297 0.098711 0.048132
297 0.491211 0.787687 0.542891 0.229549
296 0.779111 0.224907 0.190840 0.129593
296 0.932109 0.236940 0.075664 0.068495
299 0.614600 0.978077 0.138184 0.043846
299 0.553721 0.761769 0.885098 0.425780
299 0.384277 0.063852 0.243477 0.114780
299 0.560303 0.036082 0.088848 0.044429
299 0.315176 0.759918 0.421172 0.181418
299 0.904365 0.330429 0.191270 0.122176
299 0.876182 0.116610 0.233613 0.168473
5 0.491357 0.788165 0.543691 0.227758
30 0.553428 0.762379 0.886504 0.425637
