299 0.834238 0.628379 0.228047 0.199813
299 0.865723 0.384401 0.268555 0.061000
299 0.138936 0.618918 0.145801 0.113571
299 0.049219 0.529527 0.078516 0.216637
299 0.497803 0.639951 0.385020 0.231352
55 0.138145 0.619170 0.144453 0.113440
299 0.836104 0.487462 0.082246 0.044176
299 0.833945 0.468533 0.332109 0.119879
143 0.866445 0.384978 0.267109 0.061868
135 0.833047 0.468423 0.322891 0.119703
55 0.837891 0.592203 0.137734 0.089923
299 0.837979 0.592626 0.138301 0.090440
182 0.836807 0.488841 0.080098 0.045066
55 0.831768 0.629330 0.225684 0.198088
85 0.050879 0.530291 0.078242 0.216714
85 0.339756 0.485418 0.120371 0.140527
77 0.497744 0.639489 0.388184 0.231945
299 0.340791 0.485357 0.115879 0.140912
