299 0.434258 0.249797 0.482227 0.351242
299 0.501543 0.835747 0.975664 0.328505
101 0.282588 0.808797 0.457402 0.116824
55 0.249482 0.424445 0.216660 0.072846
292 0.244980 0.518434 0.159492 0.060956
299 0.503115 0.594725 0.993770 0.342835
85 0.434551 0.249857 0.478477 0.350923
299 0.247344 0.520066 0.160742 0.063099
189 0.499219 0.834176 0.975000 0.326813
101 0.550371 0.909555 0.788320 0.159110
299 0.550137 0.909165 0.788750 0.159846
299 0.815557 0.386505 0.265410 0.166154
299 0.280986 0.809258 0.459785 0.115681
55 0.815215 0.386374 0.264805 0.165934
299 0.251074 0.424368 0.220547 0.073615
254 0.504375 0.594626 0.991250 0.342000
