289 0.812852 0.172214 0.146602 0.277440
30 0.960557 0.387863 0.067910 0.029066
100 0.546279 0.758242 0.895293 0.477143
184 0.550449 0.758896 0.899102 0.478692
299 0.456689 0.112033 0.377559 0.222945
299 0.813672 0.173022 0.149531 0.277626
45 0.584980 0.359577 0.307383 0.215132
184 0.581279 0.360264 0.309629 0.215099
184 0.457373 0.113192 0.375254 0.221110
299 0.962910 0.387560 0.074180 0.029451
299 0.933301 0.352857 0.029922 0.014725
299 0.959473 0.332874 0.037383 0.016824
299 0.456689 0.112033 0.377559 0.222945
299 0.500000 0.567582 1.000000 0.864835
30 0.498135 0.567055 0.996270 0.862835
295 0.549844 0.758978 0.900312 0.482044
295 0.580039 0.361264 0.310273 0.216637
30 0.959082 0.332632 0.038398 0.014956
30 0.932520 0.353808 0.035430 0.014121
