297 0.284727 0.950374 0.392500 0.099253
114 0.282588 0.951385 0.391191 0.097231
30 0.503760 0.918000 0.971973 0.155758
27 0.655723 0.540451 0.439336 0.335231
30 0.118584 0.669121 0.231699 0.237033
184 0.118809 0.746126 0.098477 0.060297
184 0.119219 0.656280 0.127422 0.073330
98 0.116270 0.746714 0.098555 0.061912
93 0.119219 0.656280 0.127422 0.073330
184 0.284297 0.950758 0.393867 0.098484
299 0.654805 0.540044 0.437383 0.334418
299 0.503408 0.917577 0.971934 0.155637
299 0.120244 0.668341 0.228027 0.237670
297 0.118369 0.746165 0.104668 0.060989
297 0.120244 0.655720 0.130840 0.073615
