299 0.821162 0.160407 0.179434 0.197714
299 0.703105 0.135940 0.593789 0.271879
30 0.762549 0.721604 0.370137 0.128681
289 0.120088 0.079077 0.234707 0.093121
96 0.837793 0.857912 0.315820 0.177802
28 0.652725 0.900225 0.138418 0.059264
299 0.763213 0.721973 0.377559 0.130407
299 0.839551 0.858687 0.320898 0.176670
299 0.654805 0.900753 0.138320 0.058890
32 0.819727 0.161198 0.177539 0.199780
30 0.797773 0.463412 0.404453 0.330143
299 0.626768 0.891286 0.403730 0.204022
299 0.798428 0.463275 0.403145 0.328110
299 0.120234 0.079434 0.235508 0.094648
25 0.703867 0.136467 0.589805 0.272934
34 0.627139 0.890912 0.406230 0.206549
