299 0.129590 0.534786 0.059805 0.071505
299 0.637979 0.310791 0.216816 0.161956
299 0.660410 0.485357 0.246719 0.246077
299 0.535186 0.673599 0.280371 0.088341
299 0.581914 0.801896 0.680352 0.260802
299 0.512754 0.919879 0.571953 0.160242
299 0.918057 0.882022 0.163887 0.235956
86 0.917842 0.881516 0.164316 0.236967
299 0.791250 0.049984 0.314023 0.082033
141 0.637666 0.311033 0.216660 0.160835
120 0.130625 0.535368 0.063203 0.071110
120 0.535361 0.672505 0.276855 0.084659
7 0.661748 0.485418 0.246738 0.245495
299 0.779736 0.485357 0.440527 0.969593
219 0.436064 0.490500 0.475449 0.306451
95 0.792646 0.047758 0.315957 0.084659
95 0.287109 0.271247 0.177539 0.115132
292 0.512793 0.920907 0.568750 0.158187
120 0.582002 0.802027 0.677051 0.259044
182 0.779717 0.485418 0.440566 0.966747
182 0.470664 0.493885 0.616875 0.601044
299 0.286592 0.271879 0.179434 0.113582
299 0.471631 0.493769 0.616816 0.599429
299 0.436123 0.491670 0.478496 0.304967
