299 0.599443 0.053099 0.360996 0.106198
83 0.803789 0.840967 0.392422 0.299670
77 0.554033 0.297495 0.891934 0.438505
120 0.312676 0.731764 0.613867 0.460516
267 0.437559 0.702137 0.713164 0.401264
267 0.591025 0.349978 0.364121 0.286132
299 0.309277 0.733462 0.618555 0.461187
299 0.435938 0.702401 0.713516 0.403835
83 0.815215 0.610709 0.306953 0.147308
85 0.600059 0.054357 0.358086 0.108714
299 0.813926 0.610396 0.305781 0.148154
299 0.215088 0.332016 0.322793 0.265242
299 0.802910 0.840995 0.394180 0.298692
267 0.213379 0.332192 0.318984 0.264121
299 0.593076 0.348742 0.365254 0.289132
299 0.554453 0.296170 0.891094 0.437286
