299 0.780039 0.597879 0.246719 0.084132
167 0.245195 0.449346 0.304102 0.112429
142 0.804365 0.718159 0.195176 0.176077
86 0.601436 0.693044 0.274629 0.201780
143 0.663721 0.092126 0.120918 0.047330
143 0.312783 0.158681 0.113027 0.041407
129 0.648291 0.418560 0.096934 0.056352
102 0.744502 0.818110 0.123379 0.030484
219 0.755029 0.503198 0.270840 0.145604
221 0.780605 0.596319 0.243750 0.081275
167 0.244971 0.673352 0.382168 0.279363
135 0.499297 0.561874 0.992812 0.552516
299 0.500000 0.561077 1.000000 0.553165
299 0.245469 0.449604 0.306523 0.111473
299 0.247344 0.673599 0.385039 0.277637
299 0.744531 0.817676 0.123359 0.031549
299 0.600605 0.693582 0.269141 0.204022
299 0.804336 0.718824 0.198125 0.174571
299 0.755742 0.502187 0.272891 0.145121
299 0.649199 0.418055 0.097187 0.056791
299 0.312754 0.160407 0.112148 0.042066
299 0.664150 0.093104 0.127090 0.046275
