271 0.500000 0.848951 1.000000 0.302099
184 0.931680 0.061302 0.136641 0.115132
128 0.511289 0.290720 0.343047 0.116824
299 0.778164 0.349698 0.183164 0.088341
299 0.452939 0.224555 0.078496 0.031549
299 0.523975 0.252945 0.078496 0.021033
299 0.510889 0.290808 0.343926 0.117791
299 0.387529 0.341291 0.276621 0.121989
299 0.310889 0.411747 0.362598 0.187187
299 0.253574 0.836599 0.507148 0.288143
299 0.501865 0.849396 0.996270 0.301209
299 0.181924 0.872363 0.254199 0.111473
221 0.389414 0.342357 0.273828 0.121901
33 0.254004 0.835044 0.502539 0.287824
299 0.500000 0.469582 1.000000 0.572088
299 0.931143 0.061555 0.137715 0.113571
299 0.337061 0.071022 0.108418 0.111473
299 0.140811 0.094154 0.179434 0.174571
299 0.830205 0.322357 0.339590 0.248187
55 0.522852 0.252736 0.074766 0.021033
55 0.453691 0.224346 0.078516 0.031549
55 0.777041 0.350544 0.179434 0.086231
219 0.309668 0.412615 0.361094 0.187934
9 0.139648 0.093473 0.177539 0.176088
75 0.183281 0.872291 0.252773 0.108363
86 0.830576 0.322148 0.338848 0.248187
254 0.500000 0.468489 1.000000 0.570560
184 0.336758 0.071462 0.108320 0.111736
