135 0.622295 0.509357 0.755410 0.929022
182 0.511279 0.516742 0.481465 0.535022
32 0.882510 0.374868 0.114004 0.101385
289 0.152529 0.323137 0.301543 0.167593
226 0.213203 0.422456 0.253750 0.122077
95 0.441504 0.315852 0.077539 0.079989
266 0.044941 0.495126 0.077734 0.053462
143 0.252266 0.025286 0.083516 0.034022
143 0.263789 0.124929 0.071992 0.025923
230 0.634814 0.757753 0.132715 0.038429
252 0.536865 0.480341 0.394199 0.211626
299 0.078437 0.517115 0.156875 0.115681
299 0.044727 0.495033 0.074766 0.054681
167 0.783047 0.190231 0.341055 0.187429
299 0.151338 0.322566 0.302676 0.168253
299 0.214814 0.421423 0.250449 0.121989
299 0.261543 0.123813 0.074766 0.027341
299 0.252197 0.027060 0.078496 0.031549
299 0.621426 0.509753 0.757148 0.929637
167 0.077578 0.516731 0.155156 0.114538
299 0.783018 0.190044 0.340176 0.189319
86 0.808906 0.744313 0.382188 0.438802
299 0.512002 0.517121 0.485957 0.536330
299 0.536328 0.481363 0.392578 0.212440
138 0.938594 0.556533 0.072227 0.076187
299 0.440986 0.315209 0.082246 0.082022
299 0.783018 0.190060 0.340176 0.189286
299 0.882090 0.375148 0.112148 0.100956
299 0.808340 0.744269 0.383320 0.439571
299 0.940029 0.557082 0.071035 0.073615
299 0.633506 0.757940 0.130840 0.037857
