299 0.926660 0.517808 0.146680 0.192780
297 0.683906 0.703088 0.239844 0.139231
297 0.924756 0.513522 0.150488 0.124231
7 0.547861 0.290033 0.577363 0.548308
299 0.880977 0.659176 0.238047 0.162791
299 0.735303 0.724511 0.510137 0.203484
299 0.274385 0.504956 0.548770 0.634022
299 0.546855 0.288621 0.574844 0.548341
299 0.661064 0.178308 0.620527 0.353429
184 0.683467 0.701753 0.239082 0.139967
184 0.922510 0.513615 0.154980 0.119978
30 0.736787 0.725385 0.507246 0.201780
30 0.925742 0.517247 0.148516 0.192692
221 0.274844 0.504187 0.549687 0.633143
53 0.923789 0.514533 0.152422 0.124143
82 0.683926 0.702819 0.239023 0.136560
120 0.881494 0.658335 0.237012 0.163462
219 0.661855 0.179341 0.621484 0.351736
