102 0.604854 0.527978 0.316270 0.113802
142 0.504004 0.382115 0.261523 0.165527
142 0.864941 0.455560 0.270117 0.146901
87 0.529473 0.167962 0.341992 0.283462
102 0.553379 0.465907 0.080898 0.035176
102 0.406279 0.471082 0.066191 0.053791
299 0.237246 0.913582 0.190664 0.113582
299 0.929834 0.625440 0.140332 0.084132
299 0.605459 0.528687 0.314004 0.113571
299 0.407334 0.470846 0.067285 0.052571
102 0.237119 0.912830 0.191230 0.113791
299 0.553125 0.465588 0.082227 0.037857
102 0.928467 0.624192 0.139746 0.082758
299 0.864414 0.455071 0.271172 0.147220
299 0.504531 0.382511 0.261680 0.166165
299 0.528828 0.167978 0.340195 0.283934
