110 0.848398 0.385214 0.303203 0.341396
117 0.661865 0.115203 0.606777 0.194495
91 0.531309 0.237275 0.294180 0.177934
299 0.531631 0.237214 0.293145 0.179923
299 0.848613 0.385005 0.302773 0.342714
299 0.784795 0.499599 0.395918 0.456231
299 0.565889 0.858379 0.833730 0.265593
299 0.662979 0.115121 0.609121 0.197055
299 0.560176 0.094775 0.845156 0.147791
299 0.209658 0.112978 0.419316 0.218484
227 0.558887 0.095544 0.842148 0.146912
272 0.208652 0.112099 0.417305 0.217253
95 0.785049 0.500049 0.397168 0.455198
188 0.564404 0.858000 0.838457 0.264835
