299 0.347168 0.343962 0.063711 0.021505
299 0.104570 0.214929 0.209141 0.255681
299 0.908232 0.077527 0.183535 0.152923
87 0.282539 0.124593 0.186328 0.202352
252 0.796025 0.105088 0.138652 0.129209
120 0.237041 0.971275 0.259980 0.057451
186 0.491182 0.461044 0.982363 0.285165
182 0.802529 0.151407 0.134316 0.212110
289 0.908848 0.078269 0.182305 0.153593
85 0.707158 0.123374 0.160410 0.243802
55 0.583701 0.125813 0.077988 0.102396
42 0.119482 0.074505 0.087285 0.033868
299 0.582891 0.126511 0.076445 0.102758
299 0.279219 0.124126 0.182617 0.203110
299 0.708174 0.122929 0.157129 0.243725
299 0.797363 0.103813 0.140156 0.129033
299 0.801611 0.152797 0.131660 0.212670
86 0.104268 0.214582 0.208535 0.256308
299 0.234629 0.971275 0.263320 0.057451
299 0.491055 0.461049 0.982109 0.284363
267 0.346748 0.343797 0.054199 0.022011
