66 0.856689 0.320852 0.147324 0.063396
34 0.104883 0.676808 0.195000 0.146275
66 0.750527 0.053890 0.472305 0.104835
66 0.442871 0.241615 0.411641 0.046330
188 0.323711 0.602445 0.242656 0.265747
272 0.579365 0.422027 0.727988 0.334011
289 0.167705 0.448852 0.104004 0.080451
289 0.172041 0.323291 0.104004 0.082890
227 0.499199 0.240879 0.992305 0.481758
299 0.723486 0.770500 0.553027 0.367989
299 0.519629 0.811121 0.960742 0.215055
299 0.107217 0.676110 0.195371 0.145758
299 0.323818 0.602033 0.237832 0.270022
299 0.166670 0.450297 0.101934 0.086022
299 0.173047 0.322456 0.106172 0.083637
299 0.580762 0.421621 0.726250 0.334538
299 0.858945 0.320071 0.152891 0.064516
299 0.442725 0.244791 0.407715 0.052571
299 0.748525 0.051907 0.467168 0.103813
299 0.500000 0.240681 1.000000 0.481363
115 0.722520 0.770676 0.554961 0.368143
229 0.516514 0.810879 0.957598 0.214505
