266 0.636426 0.531778 0.148242 0.164874
219 0.778379 0.660307 0.419531 0.439671
299 0.592471 0.411147 0.252637 0.133381
299 0.785137 0.319358 0.173516 0.038716
299 0.792793 0.333699 0.153125 0.127640
110 0.785430 0.318831 0.173438 0.037486
95 0.792100 0.333825 0.153418 0.127475
120 0.371836 0.634698 0.146758 0.043117
86 0.251074 0.845664 0.494336 0.293085
120 0.702041 0.746235 0.246816 0.112470
34 0.041836 0.580604 0.083672 0.188299
167 0.593066 0.411520 0.253008 0.134501
299 0.757324 0.620538 0.485352 0.735741
286 0.887158 0.724676 0.090059 0.073106
299 0.369678 0.635384 0.151777 0.042536
299 0.702207 0.746032 0.247539 0.111866
299 0.634570 0.531619 0.148008 0.164929
299 0.777480 0.659984 0.418516 0.438869
299 0.369189 0.634885 0.153105 0.044457
33 0.204238 0.638952 0.186055 0.078189
299 0.204502 0.638013 0.178574 0.076465
299 0.885947 0.723804 0.089316 0.073139
182 0.757627 0.619259 0.484746 0.732964
299 0.248936 0.845906 0.497871 0.291526
299 0.042725 0.579468 0.085449 0.188771
