81 0.090762 0.349027 0.128047 0.175659
167 0.766133 0.591989 0.395703 0.196220
34 0.260937 0.534577 0.229688 0.072451
86 0.227930 0.734192 0.426953 0.299088
271 0.802998 0.485368 0.324980 0.059462
299 0.480957 0.536099 0.057578 0.047824
299 0.452168 0.618643 0.257734 0.107989
299 0.592002 0.723538 0.208379 0.080220
299 0.738701 0.752857 0.079512 0.095648
299 0.764746 0.592412 0.394844 0.197462
299 0.801758 0.485962 0.326289 0.058626
32 0.738809 0.753407 0.075625 0.095736
33 0.133828 0.593852 0.094531 0.035462
235 0.480430 0.537121 0.056719 0.046088
34 0.452109 0.619033 0.256914 0.108286
226 0.333320 0.572044 0.254062 0.153538
299 0.227324 0.734346 0.427734 0.299286
189 0.593867 0.723269 0.207969 0.081549
299 0.091602 0.348659 0.128867 0.175868
299 0.134102 0.593956 0.093242 0.037033
299 0.262969 0.534560 0.230312 0.072505
299 0.332891 0.572357 0.255000 0.154275
