267 0.928467 0.510549 0.143066 0.216286
120 0.788301 0.293676 0.154180 0.127154
120 0.658398 0.540258 0.443555 0.197264
295 0.935146 0.560220 0.064863 0.054747
299 0.929727 0.509516 0.140547 0.216989
299 0.433330 0.335121 0.866660 0.322440
299 0.226846 0.150577 0.313496 0.095308
299 0.369268 0.103170 0.720879 0.206341
299 0.659414 0.539940 0.443320 0.196714
299 0.787373 0.292527 0.151387 0.127758
184 0.933682 0.560945 0.066934 0.054681
55 0.225098 0.150566 0.311680 0.097637
184 0.391572 0.313973 0.708379 0.265044
299 0.508037 0.727527 0.962363 0.320418
30 0.436309 0.335264 0.865391 0.322044
179 0.933682 0.560720 0.066934 0.054231
295 0.392686 0.313824 0.710059 0.263626
272 0.389385 0.313115 0.701699 0.264495
289 0.368721 0.103841 0.716621 0.207681
27 0.507383 0.728615 0.965234 0.322044
