299 0.435137 0.454764 0.870273 0.294055
184 0.310107 0.364791 0.134590 0.019934
34 0.518887 0.168423 0.511016 0.134165
34 0.915400 0.186879 0.169199 0.112857
267 0.113682 0.234264 0.223613 0.137319
114 0.435410 0.531879 0.164297 0.064198
120 0.293174 0.881511 0.308809 0.133527
102 0.806602 0.629451 0.188633 0.196000
78 0.744219 0.876802 0.453320 0.194286
166 0.614160 0.634159 0.092812 0.051352
248 0.676533 0.678236 0.114082 0.041945
5 0.569287 0.709478 0.146035 0.071901
52 0.310684 0.364978 0.133867 0.017978
166 0.422480 0.464692 0.111055 0.044505
149 0.687188 0.458698 0.187109 0.082165
149 0.057393 0.419758 0.098887 0.047077
203 0.435645 0.454945 0.871289 0.293626
297 0.059287 0.420291 0.100918 0.042582
297 0.311592 0.363505 0.136973 0.022308
297 0.425127 0.465918 0.111738 0.048670
297 0.437754 0.534868 0.173008 0.064901
297 0.688252 0.459835 0.183809 0.085165
297 0.569307 0.709275 0.147793 0.073011
297 0.612559 0.634242 0.090117 0.052725
297 0.677432 0.676824 0.111738 0.044615
299 0.807197 0.629170 0.191035 0.196714
299 0.295371 0.881648 0.306367 0.133846
299 0.114346 0.234731 0.228691 0.137901
299 0.518848 0.167813 0.515430 0.133846
299 0.915312 0.186066 0.169375 0.113560
296 0.744121 0.877593 0.461367 0.194681
184 0.566904 0.707549 0.145215 0.067758
184 0.676699 0.678659 0.116875 0.041846
184 0.612939 0.634813 0.095645 0.053802
184 0.689092 0.459451 0.184160 0.085692
184 0.435840 0.532187 0.173555 0.067758
184 0.423447 0.464429 0.113340 0.043846
184 0.058633 0.419593 0.099180 0.045824
