299 0.785566 0.182011 0.284727 0.336637
296 0.084521 0.045374 0.151387 0.090747
299 0.258525 0.261093 0.517051 0.340692
299 0.275547 0.553121 0.187422 0.146022
299 0.819805 0.619027 0.237891 0.338670
299 0.949551 0.973269 0.100898 0.053462
299 0.650400 0.972258 0.273926 0.055484
299 0.349443 0.810022 0.630762 0.379956
166 0.651270 0.973198 0.275664 0.053604
120 0.347754 0.809852 0.630508 0.380297
46 0.821367 0.618879 0.240469 0.338242
87 0.667275 0.606500 0.665449 0.659989
117 0.786123 0.184115 0.287480 0.336604
258 0.083828 0.044203 0.149570 0.088407
267 0.083975 0.045225 0.152637 0.088407
166 0.948799 0.973615 0.102402 0.051143
7 0.275908 0.552874 0.187676 0.146846
73 0.261240 0.261659 0.510254 0.339890
110 0.959062 0.068615 0.081875 0.089099
299 0.666611 0.606863 0.666777 0.659088
299 0.958564 0.068440 0.082871 0.089231
