299 0.608955 0.801544 0.616348 0.318385
115 0.390088 0.263835 0.430059 0.141143
115 0.146582 0.485659 0.289648 0.352857
95 0.894805 0.044555 0.191133 0.078978
117 0.712627 0.080681 0.155293 0.147868
142 0.667832 0.417582 0.412148 0.122659
142 0.143691 0.872951 0.241914 0.159637
7 0.738008 0.284000 0.116484 0.151231
219 0.799229 0.231907 0.364355 0.241967
137 0.517012 0.416747 0.164258 0.104176
27 0.650244 0.668797 0.699512 0.648604
189 0.815996 0.586456 0.368008 0.188187
189 0.609590 0.801538 0.612227 0.319253
120 0.920527 0.972929 0.158945 0.043681
120 0.914551 0.127731 0.170898 0.134429
120 0.145186 0.935214 0.232949 0.129571
236 0.185508 0.725923 0.241914 0.110901
236 0.932139 0.478077 0.116465 0.062176
54 0.827607 0.596544 0.325527 0.127703
54 0.630498 0.810780 0.415137 0.240286
273 0.081660 0.160110 0.138125 0.270989
299 0.920713 0.975297 0.158574 0.049407
299 0.630586 0.810670 0.414492 0.239297
299 0.817998 0.586582 0.364004 0.188593
299 0.828818 0.596725 0.327988 0.127758
299 0.650391 0.668714 0.699219 0.648945
299 0.931543 0.479104 0.115352 0.062868
299 0.668418 0.416231 0.410898 0.119648
299 0.517041 0.416236 0.165801 0.103418
299 0.736904 0.283407 0.115332 0.150066
299 0.895498 0.045121 0.194629 0.079099
299 0.915312 0.128269 0.169375 0.131813
299 0.799990 0.231692 0.364043 0.241319
299 0.713486 0.079593 0.154980 0.148044
299 0.392695 0.265154 0.436133 0.141956
299 0.082725 0.159698 0.140566 0.271747
299 0.146787 0.487214 0.293574 0.354890
299 0.187246 0.726505 0.248711 0.111538
299 0.143994 0.873533 0.241504 0.162231
299 0.145791 0.934374 0.230684 0.129780
