299 0.762129 0.082637 0.475742 0.129780
299 0.724287 0.498368 0.234277 0.101396
299 0.927930 0.508511 0.144141 0.093286
299 0.670225 0.665670 0.248691 0.075033
299 0.221484 0.592665 0.374844 0.237264
299 0.130566 0.255016 0.261133 0.490758
115 0.927988 0.508319 0.144023 0.092418
208 0.723086 0.497401 0.229961 0.100824
100 0.624521 0.284000 0.044785 0.033604
252 0.221348 0.592341 0.373320 0.236923
227 0.760410 0.083198 0.471875 0.129385
188 0.792100 0.284841 0.415801 0.287330
100 0.679775 0.360456 0.047793 0.025198
100 0.776836 0.279791 0.092578 0.028549
289 0.130830 0.255434 0.261660 0.490648
100 0.873896 0.230231 0.083613 0.047055
219 0.671387 0.665308 0.247930 0.073736
299 0.875674 0.231692 0.082910 0.050703
299 0.778359 0.280363 0.097305 0.034484
299 0.625176 0.282390 0.043242 0.038538
299 0.679238 0.361478 0.050469 0.026363
299 0.792764 0.284418 0.414473 0.285934
