143 0.729102 0.750264 0.144961 0.050198
299 0.329463 0.302033 0.549785 0.537341
299 0.699434 0.394747 0.263203 0.271824
299 0.851768 0.229923 0.091934 0.100418
299 0.727197 0.183308 0.192285 0.197297
299 0.847969 0.375879 0.092813 0.192220
299 0.709727 0.597544 0.120469 0.082231
299 0.716641 0.341434 0.331758 0.634451
299 0.160732 0.621429 0.215254 0.190000
299 0.728496 0.750874 0.146133 0.051110
299 0.847969 0.375879 0.092813 0.192220
299 0.208125 0.738659 0.333750 0.120000
299 0.308506 0.406857 0.588652 0.792000
299 0.916592 0.979830 0.166816 0.040341
182 0.717100 0.341132 0.331504 0.635165
95 0.160127 0.620907 0.215020 0.189879
95 0.709639 0.597379 0.119473 0.082341
120 0.851768 0.229538 0.092910 0.100374
7 0.848047 0.375923 0.092930 0.192396
221 0.727246 0.183533 0.193281 0.196582
219 0.699375 0.394747 0.263906 0.271868
117 0.208740 0.738764 0.330801 0.119198
143 0.917520 0.980742 0.164961 0.038516
252 0.329541 0.301687 0.550098 0.537462
182 0.310947 0.405824 0.588340 0.791429
